M1 sector attempt, no upgrades, 2000 plans per row (seeds S.seedsFor(i, k), noise lcg01(9001 i + k))
k  n  prof   | P(splice) | T p10 p50 p90 (s) | vac% time | visited% p50 | maxD p50/max | breached% | retreats | O2<25% | cand p50 | flips p50 | forced
1  3  fast   | 1.000 |  11.4  20.1  31.3 | 47.7 |  67 | 5/8 |  40 | 0.00 | 0.00 | 2 | 0 | 0
1  3  medium | 1.000 |  13.0  24.5  37.6 | 47.7 |  78 | 5/8 |  40 | 0.00 | 0.00 | 2 | 0 | 0
1  3  slow   | 1.000 |  15.7  29.8  44.3 | 47.4 |  78 | 5/8 |  40 | 0.00 | 0.00 | 2 | 0 | 0
3  4  fast   | 1.000 |  16.7  29.9  55.3 | 44.7 |  62 | 7/15 |  41 | 0.04 | 0.05 | 2 | 0 | 0
3  4  medium | 1.000 |  20.0  39.6  79.3 | 43.5 |  62 | 7/15 |  41 | 0.17 | 0.06 | 2 | 0 | 0
3  4  slow   | 0.995 |  25.1  50.1  95.0 | 42.8 |  69 | 7/15 |  41 | 0.19 | 0.12 | 2 | 0 | 0
5  4  fast   | 1.000 |  16.7  31.3  58.0 | 52.0 |  62 | 7/15 |  49 | 0.06 | 0.07 | 2 | 0 | 0
5  4  medium | 0.999 |  21.1  44.0  87.8 | 51.2 |  69 | 7/15 |  49 | 0.28 | 0.09 | 2 | 0 | 0
5  4  slow   | 0.990 |  26.2  55.7 108.8 | 50.7 |  69 | 7/15 |  49 | 0.33 | 0.18 | 2 | 0 | 0
10 5  fast   | 0.990 |  26.5  57.6 121.3 | 58.8 |  64 | 10/23 |  57 | 0.32 | 0.27 | 3 | 0 | 0
10 5  medium | 0.947 |  34.2  82.4 164.7 | 58.2 |  68 | 10/23 |  57 | 0.92 | 0.30 | 3 | 0 | 0
10 5  slow   | 0.883 |  40.7  95.2 189.8 | 57.8 |  68 | 10/23 |  57 | 0.98 | 0.41 | 3 | 0 | 0
16 5  fast   | 0.987 |  27.7  62.5 132.2 | 62.8 |  64 | 10/22 |  61 | 0.48 | 0.35 | 2 | 0 | 0
16 5  medium | 0.921 |  35.4  94.5 178.4 | 62.5 |  68 | 10/22 |  61 | 1.31 | 0.39 | 2 | 0 | 0
16 5  slow   | 0.823 |  40.3 106.3 199.9 | 62.2 |  68 | 10/22 |  61 | 1.39 | 0.50 | 2 | 0 | 0
23 6  fast   | 0.942 |  40.1  94.9 192.5 | 64.8 |  64 | 12/28 |  63 | 0.88 | 0.52 | 3 | 0 | 0
23 6  medium | 0.844 |  52.4 133.1 246.9 | 64.1 |  67 | 12/28 |  63 | 1.91 | 0.53 | 3 | 0 | 0
23 6  slow   | 0.718 |  59.4 145.8 266.4 | 63.5 |  64 | 12/28 |  63 | 1.77 | 0.60 | 3 | 0 | 0
30 6  fast   | 0.904 |  42.4 106.7 217.0 | 69.6 |  67 | 12/30 |  68 | 1.39 | 0.64 | 3 | 0 | 0
30 6  medium | 0.752 |  53.9 151.0 267.7 | 69.3 |  67 | 12/30 |  68 | 2.74 | 0.65 | 3 | 0 | 0
30 6  slow   | 0.583 |  60.0 153.7 276.7 | 68.8 |  61 | 12/30 |  68 | 2.44 | 0.72 | 3 | 0 | 0
